2011 01 02 08 35 00
2011 01 15 06 15 00
2011 02 12 13 13 00
2011 02 16 05 38 00
2011 02 23 16 49 00
2011 02 26 20 22 00
2011 03 01 07 33 00
2011 03 05 20 54 00
2011 03 11 08 05 00
2011 04 13 05 56 00
2011 04 24 17 58 00
2011 04 26 13 48 00
2011 04 26 17 33 00
2011 07 10 07 36 00
2011 09 09 20 53 00
2011 09 16 11 41 00
2011 09 19 10 43 00
2011 09 24 06 43 00
2011 09 28 18 35 00
2011 10 02 08 47 00
2011 10 12 14 22 00
2011 10 14 10 23 00
2011 10 28 22 30 00
2011 11 04 15 11 00
2011 11 12 09 15 00
2011 11 14 17 59 00
2011 12 13 05 15 00
2011 12 16 08 15 00
2011 12 19 09 00 00
2011 12 23 21 21 00
