2011 01 07 09 56
2011 01 08 06 04
2011 01 16 00 34
2011 01 17 09 42
2011 02 16 05 29
2011 03 03 18 58
2011 03 10 13 55
2011 03 11 12 36
2011 03 15 18 17
2011 03 22 22 46
2011 03 26 08 20
2011 04 25 23 43
2011 04 26 18 48
2011 05 28 22 14
2011 06 09 19 47
2011 06 22 06 56
2011 06 22 15 23
2011 07 25 19 06
2011 08 07 16 02
2011 08 11 16 48
2011 08 28 15 58
2011 10 04 19 27
2011 10 08 11 15
2011 10 17 21 26
2011 10 19 07 45
2011 10 27 00 31
2011 10 27 23 27
2011 11 25 00 04
2011 12 11 23 14
2011 12 28 09 39
